111
222
333111
222
333111
222
333111
222
333111
222
333111
222
333111
222
333111
222
333111
222
333111
222
333111
222
333111
222
333111
222
333111
222
333111
222
333111
222
333111
222
333111
222
333111
222
333111
222
333111
222
333111
222
333111
222
333111
222
333111
222
333111
222
333111
222
333111
222
333111
222
333111
222
333111
222
333111
222
333111
222
333111
222
333111
222
333111
222
333111
222
333111
222
333111
222
333111
222
333111
222
333111
222
333111
222
333111
222
333111
222
333111
222
333111
222
333111
222
333111
222
333111
222
333111
222
333111
222
333111
222
333111
222
333111
222
333111
222
333111
222
333111
222
333111
222
333111
222
333111
222
333111
222
333111
222
333111
222
333111
222
333111
222
333111
222
333111
222
333111
222
333111
222
333111
222
333111
222
333111
222
333111
222
333111
222
333111
222
333111
222
333111
222
333111
222
333111
222
333111
222
333111
222
333111
222
333111
222
333111
222
333111
222
333111
222
333111
222
333111
222
333111
222
333111
222
333111
222
333111
222
333111
222
333111
222
333111
222
333111
222
333111
222
333111
222
333111
222
333111
222
333111
222
333111
222
333111
222
333111
222
333111
222
333111
222
333111
222
333111
222
333111
222
333111
222
333111
222
333111
222
333111
222
333111
222
333111
222
333111
222
333111
222
333111
222
333111
222
333111
222
333111
222
333111
222
333
9999999999999
